31
39
41
53
58
66
78
87
93
107
114
120
134
205
212
218
222
236
245
249
251
266
270
282
295
303
309
316
317
330
332
342
350
355
357
369
381
396
400
416
419
423
444
445
456
463
468
479
482
496
501
505
513
521
530
538
542
544
548
552
573
579
581
583
592
594
598
604
611
613
617
623
624
627
631
633
635
639
642
648
654
655
657
660
672
684
693
699
714
715
730
734
736
742
746
753
759
761
765
778
792
798
804
810
812
816
821
841
843
851
854
876
880
884
890
911
915
917
925
931
940
942
944
950
975
980
983
991
1008
1011
1013
